1 -1 -1.5 1 -0.5 0 -2.5 -2 -2.5 -2 -0.5
2 -0.5 -1.5 1.5 -0.5 0.5 -2.5 -1.5 -2.5 -1.5 -0.5
3 0 -1.5 2 -0.5 1 -2.5 -1 -2.5 -1 -0.5
4 0.5 -1.5 2.5 -0.5 1.5 -2.5 -0.5 -2.5 -0.5 -0.5
5 1 -1.5 3 -0.5 2 -2.5 0 -2.5 0 -0.5
6 1.5 -1.5 3.5 -0.5 2.5 -2.5 0.5 -2.5 0.5 -0.5
7 -1.5 -1 0.5 0 -0.5 -2 -2.5 -2 -2.5 0
8 -1 -1 1 0 0 -2 -2 -2 -2 0
9 -0.5 -1 1.5 0 0.5 -2 -1.5 -2 -1.5 0
10 0 -1 2 0 1 -2 -1 -2 -1 0
11 0.5 -1 2.5 0 1.5 -2 -0.5 -2 -0.5 0
12 1 -1 3 0 2 -2 0 -2 0 0
13 1.5 -1 3.5 0 2.5 -2 0.5 -2 0.5 0
14 -1.5 -0.5 0.5 0.5 -0.5 -1.5 -2.5 -1.5 -2.5 0.5
15 -1 -0.5 1 0.5 0 -1.5 -2 -1.5 -2 0.5
16 -0.5 -0.5 1.5 0.5 0.5 -1.5 -1.5 -1.5 -1.5 0.5
17 0 -0.5 2 0.5 1 -1.5 -1 -1.5 -1 0.5
18 0.5 -0.5 2.5 0.5 1.5 -1.5 -0.5 -1.5 -0.5 0.5
19 1 -0.5 3 0.5 2 -1.5 0 -1.5 0 0.5
20 1.5 -0.5 3.5 0.5 2.5 -1.5 0.5 -1.5 0.5 0.5
21 -1.5 0 0.5 1 -0.5 -1 -2.5 -1 -2.5 1
22 -1 0 1 1 0 -1 -2 -1 -2 1
23 -0.5 0 1.5 1 0.5 -1 -1.5 -1 -1.5 1
24 -1.5 -1.5 0.5 -0.5 -0.5 -2.5 -2.5 -2.5 -2.5 -0.5
25 0.5 0 2.5 1 1.5 -1 -0.5 -1 -0.5 1
26 1 0 3 1 2 -1 0 -1 0 1
27 1.5 0 3.5 1 2.5 -1 0.5 -1 0.5 1
28 -1.5 0.5 0.5 1.5 -0.5 -0.5 -2.5 -0.5 -2.5 1.5
29 -1 0.5 1 1.5 0 -0.5 -2 -0.5 -2 1.5
30 -0.5 0.5 1.5 1.5 0.5 -0.5 -1.5 -0.5 -1.5 1.5
